L68
L30
R48
L5
R60
L55
L1
L99
R14
L82
0,0,0,0,0,0,0,0,0,0,1,1,2,2,2,2,2,3,3,3,3,3,3,4,4,4,4,5,6,6,6,6,7,8,8,8,8,9,9,9,9,9,9,9,9,9,9,9,10,11,11,12,12,12,13,13,13,13,14,14,15,15,16,16,16,17,18,18,19,19,19,20,20,21,21,22,22,22,22,22,23,23,23,24,24,25,25,25,26,27,27,28,28,29,30,30,30,31,31,31,39,46,42,46,48,48,48,48,49,52,56,59,62,64,66,75,75,82,83,83,83,83,84,85,86,87,88,88,88,88,91,94,93,93,94,95,95,102,102,102,102,103,103,104,113,113,122,123,129,136,130,130,130,131,132,133,133,138,143,148,152,151,151,151,152,153,153,154,156,157,157,163,164,164,165,165,165,165,166,167,168,168,169,170,171,174,178,187,181,183,185,186,187,188,189,189,189,192,192,193,193,194,194,195,195,196,197,197,197,197,197,197,197,203,204,205,207,207,207,208,213,210,210,210,210,211,220,212,213,213,213,214,217,217,218,218,218,218,228,228,229,238,239,239,240,240,241,242,244,245,253,261,255,256,259,262,261,261,262,270,276,272,274,275,275,276,277,278,279,280,287,287,288,288,291,291,292,293,294,294,295,295,295,296,303,312,305,305,306,306,307,307,316,317,318,318,319,320,320,330,331,335,335,335,336,336,336,337,338,338,339,340,349,354,365,376,387,403,389,391,391,392,392,392,393,396,399,401,401,402,402,402,403,403,406,405,405,405,406,406,406,407,408,408,408,417,417,425,428,437,448,440,442,442,443,444,445,448,452,452,452,458,455,462,471,479,473,473,474,474,475,475,476,479,479,480,488,481,486,487,494,488,488,488,489,490,491,491,498,504,510,507,509,509,509,509,509,510,510,510,517,524,519,519,519,519,520,521,522,522,522,528,528,529,529,529,530,530,533,533,533,534,535,535,545,538,538,540,540,541,541,542,543,543,544,545,546,546,546,548,549,549,550,551,552,553,554,554,555,556,563,570,576,572,572,573,574,578,575,577,577,578,578,579,579,579,580,581,581,582,582,583,584,585,585,586,586,586,586,587,587,588,588,589,589,589,596,591,599,607,604,604,609,614,618,624,629,634,638,642,645,644,644,652,653,656,657,657,657,658,659,659,660,661,661,662,663,664,673,678,679,679,683,690,690,696,701,701,702,702,707,707,708,708,708,709,709,709,709,709,710,711,712,716,720,718,729,740,750,745,745,752,753,753,753,753,754,754,755,756,756,756,757,758,758,759,759,760,763,766,769,768,774,774,784,777,778,779,787,795,789,794,796,796,796,796,804,811,821,814,814,820,827,833,838,835,835,844,853,863,855,855,856,856,860,864,870,871,871,872,872,873,874,875,881,877,878,879,880,880,885,885,886,886,886,895,904,898,898,899,900,901,910,919,912,912,913,913,916,916,918,918,919,926,933,927,927,928,928,928,928,928,929,929,930,937,945,940,940,942,942,943,943,944,945,945,946,946,947,951,949,949,950,956,956,957,966,966,975,968,970,979,979,984,982,984,984,984,985,985,986,987,987,988,989,989,991,991,998,994,996,998,1005,999,999,999,1000,1001,1002,1003,1003,1003,1004,1004,1004,1005,1008,1007,1007,1008,1008,1008,1008,1009,1018,1019,1020,1021,1021,1022,1031,1024,1025,1025,1026,1027,1031,1036,1040,1039,1040,1041,1041,1042,1042,1048,1045,1047,1047,1048,1049,1050,1050,1051,1052,1052,1052,1053,1061,1061,1062,1066,1067,1067,1068,1068,1069,1070,1076,1077,1085,1086,1087,1087,1088,1090,1092,1093,1093,1094,1099,1104,1109,1113,1111,1113,1113,1113,1114,1114,1115,1115,1116,1117,1117,1118,1118,1119,1120,1127,1130,1131,1132,1135,1135,1140,1138,1138,1138,1138,1139,1140,1141,1141,1142,1143,1149,1151,1152,1160,1155,1157,1157,1157,1161,1162,1162,1163,1163,1164,1165,1165,1166,1175,1169,1177,1178,1178,1179,1179,1182,1185,1187,1187,1188,1189,1189,1194,1195,1196,1197,1203,1199,1199,1200,1200,1201,1201,1202,1202,1203,1213,1222,1215,1215,1216,1216,1216,1217,1217,1218,1219,1219,1220,1220,1221,1222,1222,1222,1223,1224,1224,1225,1225,1226,1227,1228,1236,1236,1237,1237,1242,1247,1245,1247,1247,1248,1248,1248,1249,1249,1249,1250,1250,1257,1253,1253,1253,1253,1253,1254,1254,1255,1255,1256,1259,1263,1266,1265,1266,1266,1266,1266,1267,1267,1268,1268,1269,1269,1272,1273,1274,1274,1274,1275,1275,1280,1284,1284,1285,1286,1286,1286,1287,1287,1292,1292,1292,1293,1293,1293,1294,1299,1305,1310,1315,1312,1312,1314,1314,1314,1314,1321,1321,1322,1322,1323,1324,1332,1332,1333,1334,1342,1350,1358,1365,1360,1361,1361,1362,1362,1363,1364,1366,1368,1370,1372,1372,1373,1377,1374,1374,1384,1384,1391,1399,1406,1401,1401,1402,1402,1402,1402,1402,1403,1403,1404,1404,1405,1408,1408,1409,1409,1410,1416,1416,1416,1417,1418,1418,1419,1419,1419,1421,1421,1422,1423,1423,1423,1424,1424,1424,1425,1425,1425,1426,1426,1427,1427,1427,1427,1428,1428,1429,1429,1430,1436,1442,1438,1438,1439,1439,1439,1440,1441,1441,1443,1443,1444,1445,1446,1446,1447,1448,1449,1450,1450,1451,1452,1452,1452,1453,1453,1453,1454,1454,1454,1454,1455,1455,1456,1456,1456,1457,1457,1458,1459,1460,1460,1467,1462,1462,1463,1464,1465,1465,1467,1475,1479,1482,1485,1485,1485,1486,1486,1494,1501,1508,1504,1506,1508,1508,1509,1510,1510,1511,1519,1520,1520,1521,1521,1522,1522,1522,1522,1527,1531,1535,1534,1545,1561,1576,1591,1578,1580,1581,1581,1582,1582,1583,1583,1584,1593,1602,1597,1598,1599,1599,1600,1600,1601,1607,1608,1609,1609,1610,1613,1613,1614,1623,1623,1623,1624,1628,1628,1628,1638,1644,1647,1656,1656,1656,1656,1656,1657,1657,1657,1658,1659,1662,1666,1669,1672,1672,1674,1674,1675,1675,1683,1678,1678,1680,1681,1683,1686,1685,1688,1689,1690,1691,1692,1692,1693,1693,1694,1702,1706,1706,1706,1707,1707,1708,1708,1708,1716,1710,1710,1711,1711,1712,1712,1713,1713,1713,1714,1714,1715,1723,1725,1728,1730,1732,1733,1733,1734,1735,1736,1736,1737,1737,1737,1738,1738,1739,1739,1748,1760,1750,1750,1750,1755,1752,1752,1753,1753,1761,1755,1755,1765,1766,1767,1769,1769,1769,1772,1771,1773,1774,1775,1776,1776,1777,1777,1778,1778,1779,1779,1784,1797,1786,1788,1788,1789,1789,1794,1792,1794,1800,1800,1800,1801,1801,1804,1805,1810,1816,1812,1814,1816,1816,1816,1817,1817,1818,1824,1830,1827,1827,1827,1828,1829,1836,1831,1833,1833,1833,1833,1834,1835,1836,1836,1837,1838,1839,1840,1840,1841,1842,1842,1843,1843,1843,1844,1845,1845,1845,1846,1846,1847,1853,1854,1854,1854,1855,1856,1857,1857,1858,1868,1861,1863,1865,1866,1866,1867,1868,1868,1869,1869,1869,1870,1870,1870,1870,1875,1876,1881,1878,1881,1881,1882,1882,1883,1883,1883,1884,1884,1886,1886,1887,1892,1897,1898,1898,1899,1899,1900,1900,1901,1902,1903,1904,1904,1905,1905,1906,1906,1906,1914,1914,1915,1916,1916,1919,1921,1923,1923,1927,1928,1928,1932,1935,1935,1937,1941,1939,1948,1941,1942,1945,1946,1946,1947,1948,1948,1958,1951,1953,1953,1953,1954,1955,1956,1957,1958,1963,1969,1964,1973,1966,1966,1967,1967,1968,1969,1970,1970,1971,1971,1972,1972,1981,1982,1982,1983,1983,1989,1991,1991,1992,1992,1993,1994,1995,1996,2001,1998,1998,1999,1999,2000,2000,2001,2001,2006,2014,2021,2016,2016,2017,2018,2021,2026,2024,2024,2025,2025,2026,2026,2026,2026,2027,2028,2029,2030,2030,2030,2031,2031,2032,2033,2033,2033,2033,2034,2036,2040,2041,2041,2042,2043,2043,2044,2045,2055,2052,2052,2054,2062,2063,2063,2067,2066,2066,2068,2069,2070,2076,2082,2078,2078,2079,2079,2080,2085,2093,2100,2107,2103,2103,2103,2104,2110,2111,2111,2112,2112,2113,2113,2113,2123,2132,2141,2137,2144,2151,2162,2173,2171,2175,2176,2177,2184,2184,2185,2185,2186,2194,2202,2209,2215,2220,2217,2218,2218,2218,2226,2233,2228,2234,2241,2237,2239,2239,2239,2239,2240,2240,2241,2241,2241,2247,2244,2245,2246,2253,2261,2268,2274,2270,2270,2270,2271,2272,2273,2273,2274,2274,2277,2277,2279,2279,2284,2288,2292,2296,2294,2295,2296,2299,2306,2306,2307,2308,2317,2318,2318,2318,2319,2326,2332,2328,2328,2329,2330,2330,2330,2337,2344,2351,2347,2347,2349,2349,2350,2350,2350,2350,2350,2351,2351,2352,2352,2353,2353,2354,2354,2354,2354,2355,2360,2360,2370,2371,2380,2373,2373,2374,2374,2375,2375,2376,2377,2380,2383,2383,2383,2383,2389,2395,2396,2396,2397,2398,2400,2400,2409,2418,2411,2411,2420,2413,2415,2424,2424,2425,2425,2426,2427,2428,2429,2430,2435,2444,2461,2453,2453,2453,2453,2454,2454,2461,2456,2458,2466,2475,2484,2492,2499,2494,2494,2495,2495,2497,2498,2498,2499,2500,2501,2501,2506,2504,2504,2504,2505,2506,2507,2507,2508,2508,2509,2509,2511,2511,2516,2518,2520,2520,2521,2522,2525,2524,2524,2531,2532,2533,2540,2540,2541,2542,2550,2550,2551,2552,2562,2554,2556,2556,2557,2557,2557,2558,2558,2560,2568,2569,2576,2583,2589,2591,2592,2593,2593,2599,2605,2602,2602,2602,2602,2603,2603,2603,2607,2605,2605,2605,2606,2606,2606,2607,2607,2607,2608,2612,2616,2615,2617,2617,2617,2618,2620,2621,2621,2621,2630,2630,2634,2634,2635,2635,2636,2645,2637,2637,2639,2641,2642,2646,2646,2647,2647,2655,2655,2655,2656,2657,2657,2658,2660,2662,2662,2662,2663,2664,2664,2665,2666,2666,2667,2668,2668,2668,2668,2669,2669,2670,2670,2671,2672,2673,2673,2674,2674,2675,2676,2677,2682,2687,2685,2687,2687,2687,2687,2687,2688,2692,2693,2694,2695,2695,2695,2696,2696,2697,2706,2707,2707,2708,2709,2715,2710,2710,2710,2710,2711,2711,2713,2713,2713,2713,2714,2714,2715,2717,2719,2719,2721,2722,2723,2723,2723,2725,2725,2726,2726,2727,2733,2728,2728,2729,2730,2731,2731,2731,2731,2731,2732,2732,2733,2734,2735,2735,2738,2738,2739,2747,2756,2750,2752,2754,2754,2754,2755,2755,2756,2757,2766,2767,2767,2771,2771,2772,2773,2773,2774,2774,2777,2778,2778,2778,2783,2784,2785,2785,2785,2785,2786,2786,2787,2788,2788,2789,2789,2789,2790,2791,2792,2792,2793,2794,2795,2796,2796,2797,2797,2798,2798,2802,2807,2818,2809,2809,2810,2810,2811,2811,2820,2820,2820,2820,2821,2822,2823,2823,2823,2823,2824,2824,2832,2832,2833,2833,2843,2843,2844,2845,2846,2846,2847,2847,2854,2850,2850,2850,2850,2850,2858,2858,2859,2859,2863,2867,2871,2874,2874,2874,2874,2875,2875,2875,2875,2880,2881,2883,2886,2886,2886,2887,2888,2889,2896,2912,2928,2943,2930,2930,2930,2931,2932,2933,2934,2942,2942,2943,2950,2954,2954,2960,2957,2965,2966,2968,2969,2970,2970,2970,2971,2971,2971,2972,2972,2972,2976,2976,2977,2978,2986,3000,2990,2990,2999,3001,3001,3002,3006,3011,3015,3019,3025,3022,3031,3031,3032,3032,3033,3034,3034,3037,3038,3038,3039,3039,3039,3040,3046,3047,3053,3049,3049,3050,3056,3057,3059,3059,3060,3060,3063,3063,3063,3069,3066,3068,3068,3068,3069,3072,3083,3074,3074,3075,3076,3077,3077,3077,3086,3086,3086,3086,3086,3087,3088,3088,3089,3089,3090,3090,3092,3094,3094,3098,3102,3108,3117,3111,3113,3113,3113,3115,3115,3115,3121,3121,3122,3122,3122,3123,3132,3132,3132,3138,3139,3140,3140,3143,3144,3148,3147,3149,3154,3150,3150,3158,3152,3152,3152,3152,3153,3153,3154,3154,3155,3156,3156,3160,3164,3167,3169,3169,3171,3171,3171,3172,3173,3173,3173,3173,3176,3178,3179,3180,3180,3181,3182,3183,3183,3184,3185,3186,3186,3187,3188,3190,3189,3189,3190,3190,3190,3191,3192,3192,3201,3210,3204,3206,3206,3207,3207,3216,3219,3220,3220,3221,3222,3222,3223,3224,3225,3226,3227,3227,3227,3227,3227,3227,3228,3228,3237,3231,3233,3233,3233,3234,3235,3235,3236,3236,3246,3246,3254,3264,3273,3267,3269,3269,3270,3274,3273,3274,3275,3275,3276,3276,3277,3277,3278,3279,3286,3287,3290,3291,3292,3293,3293,3297,3295,3300,3301,3301,3304,3304,3311,3311,3312,3313,3314,3314,3318,3320,3320,3326,3328,3328,3330,3331,3331,3332,3332,3333,3337,3338,3341,3345,3344,3344,3345,3346,3347,3347,3347,3347,3348,3349,3349,3349,3351,3353,3354,3355,3356,3357,3358,3359,3359,3360,3360,3360,3361,3361,3362,3362,3362,3363,3364,3364,3365,3369,3372,3376,3375,3377,3377,3377,3386,3386,3386,3386,3387,3387,3387,3388,3389,3391,3392,3392,3393,3400,3408,3403,3405,3405,3405,3405,3406,3407,3407,3408,3408,3409,3409,3409,3410,3411,3413,3420,3427,3422,3424,3424,3431,3432,3433,3435,3435,3435,3444,3452,3465,3455,3463,3463,3464,3465,3466,3466,3475,3475,3483,3477,3478,3479,3479,3479,3479,3480,3482,3482,3482,3487,3487,3487,3487,3488,3489,3498,3494,3497,3501,3500,3500,3500,3500,3501,3502,3503,3512,3504,3504,3505,3505,3511,3512,3521,3517,3520,3521,3521,3521,3521,3529,3534,3540,3536,3543,3538,3540,3540,3540,3541,3542,3549,3543,3543,3543,3543,3543,3553,3553,3554,3555,3556,3556,3557,3565,3560,3560,3561,3564,3564,3564,3565,3565,3565,3566,3566,3575,3569,3569,3573,3577,3580,3582,3584,3593,3594,3597,3597,3597,3597,3601,3601,3601,3602,3602,3602,3603,3604,3605,3605,3606,3612,3612,3613,3613,3613,3614,3615,3615,3615,3615,3616,3620,3621,3621,3622,3623,3623,3624,3624,3624,3625,3626,3626,3627,3627,3627,3628,3628,3635,3635,3635,3636,3637,3640,3644,3647,3652,3656,3660,3664,3663,3663,3664,3671,3665,3665,3666,3671,3669,3675,3676,3676,3680,3683,3686,3686,3687,3693,3690,3698,3692,3692,3693,3694,3695,3695,3696,3696,3697,3698,3698,3699,3699,3705,3706,3706,3707,3707,3711,3710,3715,3712,3714,3714,3716,3725,3725,3726,3726,3726,3729,3731,3732,3733,3734,3734,3743,3743,3744,3745,3754,3768,3789,3776,3776,3777,3777,3778,3779,3779,3782,3781,3781,3782,3790,3784,3790,3796,3801,3809,3816,3812,3814,3814,3814,3815,3823,3832,3840,3847,3842,3843,3852,3861,3863,3863,3863,3866,3866,3868,3872,3870,3870,3870,3870,3871,3871,3873,3873,3874,3874,3874,3874,3875,3876,3877,3877,3878,3878,3878,3882,3882,3883,3884,3884,3884,3884,3885,3890,3891,3891,3892,3892,3893,3899,3899,3900,3903,3907,3906,3911,3911,3919,3926,3933,3939,3945,3952,3948,3950,3952,3953,3954,3954,3955,3964,3965,3966,3966,3967,3975,3968,3968,3969,3977,3986,3980,3988,3988,3989,3998,3991,3999,4009,4018,4028,4037,4046,4054,4048,4048,4049,4049,4058,4059,4060,4060,4061,4061,4062,4062,4062,4062,4066,4069,4072,4075,4077,4077,4079,4079,4079,4079,4080,4081,4082,4082,4083,4084,4084,4085,4085,4086,4086,4086,4086,4087,4091,4099,4093,4094,4094,4095,4096,4097,4100,4100,4100,4100,4101,4102,4104,4104,4105,4106,4106,4107,4112,4113,4113,4114,4114,4115,4115,4115,4116,4116,4116,4121,4122,4122,4122,4123,4129,4129,4129,4130,4131,4134,4134,4135,4136,4136,4136,4137,4137,4138,4138,4138,4141,4141,4147,4152,4157,4161,4159,4161,4161,4162,4162,4164,4166,4170,4168,4179,4189,4182,4184,4188,4187,4192,4193,4194,4194,4195,4196,4202,4202,4203,4204,4205,4206,4207,4212,4209,4209,4210,4219,4213,4215,4224,4234,4243,4252,4246,4248,4248,4249,4254,4255,4256,4256,4257,4257,4257,4258,4258,4262,4261,4272,4264,4272,4273,4274,4279,4280,4288,4295,4295,4303,4303,4304,4306,4306,4307,4308,4308,4309,4309,4310,4310,4317,4317,4317,4317,4323,4324,4324,4324,4332,4343,4335,4338,4338,4339,4339,4340,4340,4341,4342,4343,4350,4344,4344,4344,4344,4348,4347,4350,4351,4351,4352,4352,4353,4354,4355,4355,4356,4356,4356,4366,4366,4372,4380,4387,4394,4409,4423,4443,4462,4448,4449,4450,4450,4451,4451,4452,4453,4461,4461,4468,4463,4465,4466,4467,4468,4468,4468,4469,4469,4470,4470,4471,4471,4471,4472,4472,4482,4491,4500,4514,4502,4505,4506,4506,4507,4507,4516,4509,4509,4510,4510,4511,4511,4520,4520,4520,4527,4528,4534,4530,4531,4539,4539,4540,4540,4549,4550,4550,4550,4551,4551,4552,4553,4553,4559,4560,4560,4563,4572,4565,4568,4568,4569,4570,4570,4571,4573,4573,4573,4573,4583,4592,4590,4590,4592,4592,4596,4597,4598,4598,4599,4599,4599,4600,4601,4602,4603,4604,4604,4604,4607,4610,4609,4610,4610,4610,4611,4612,4612,4613,4621,4616,4617,4618,4618,4623,4621,4623,4623,4624,4624,4631,4638,4644,4640,4640,4641,4642,4643,4649,4645,4647,4647,4647,4648,4648,4648,4649,4649,4650,4651,4652,4660,4668,4675,4682,4688,4694,4708,4696,4701,4702,4703,4704,4704,4705,4705,4706,4706,4706,4709,4710,4710,4711,4711,4716,4725,4719,4720,4721,4724,4725,4725,4726,4726,4731,4728,4734,4739,4747,4754,4761,4757,4757,4759,4760,4760,4767,4775,4770,4772,4772,4773,4773,4773,4774,4775,4775,4775,4776,4777,4778,4780,4782,4790,4791,4791,4797,4806,4815,4824,4832,4848,4863,4881,4900,4925,4956,4931,4931,4932,4932,4936,4941,4946,4944,4944,4946,4946,4946,4947,4948,4949,4951,4952,4952,4953,4953,4961,4968,4975,4970,4971,4972,4973,4973,4974,4975,4976,4979,4980,4981,4989,4992,4992,4992,4992,4993,4993,4994,4994,4995,4999,4999,5000,5006,5013,5024,5035,5046,5038,5038,5038,5039,5039,5040,5040,5049,5059,5052,5053,5054,5054,5055,5058,5059,5059,5060,5061,5062,5063,5064,5064,5065,5067,5067,5068,5068,5069,5069,5069,5070,5070,5071,5071,5073,5073,5074,5076,5076,5076,5086,5096,5088,5092,5090,5090,5092,5093,5093,5094,5095,5096,5096,5096,5096,5097,5098,5102,5102,5102,5103,5103,5103,5104,5104,5105,5105,5105,5106,5107,5107,5108,5109,5109,5109,5110,5111,5111,5111,5112,5112,5113,5114,5115,5115,5124,5125,5125,5126,5126,5127,5128,5134,5129,5131,5137,5150,5172,5152,5152,5156,5157,5157,5158,5162,5161,5167,5167,5168,5169,5169,5170,5170,5171,5171,5172,5173,5173,5173,5174,5174,5174,5175,5184,5192,5186,5186,5187,5188,5195,5190,5190,5198,5199,5199,5200,5200,5201,5202,5202,5202,5204,5204,5205,5205,5206,5209,5208,5209,5210,5210,5210,5211,5212,5213,5213,5214,5214,5220,5217,5219,5219,5219,5220,5222,5225,5225,5225,5225,5225,5226,5226,5227,5228,5228,5228,5228,5228,5232,5236,5235,5235,5243,5244,5250,5245,5247,5247,5248,5251,5259,5266,5261,5261,5261,5261,5261,5262,5263,5263,5263,5264,5264,5265,5271,5267,5267,5267,5267,5267,5268,5269,5269,5274,5274,5283,5284,5284,5285,5286,5286,5287,5296,5288,5292,5297,5306,5314,5309,5309,5317,5324,5334,5326,5332,5333,5333,5334,5334,5335,5335,5339,5340,5340,5340,5341,5341,5345,5348,5347,5348,5348,5349,5349,5350,5350,5351,5352,5353,5353,5354,5354,5361,5367,5369,5369,5379,5397,5382,5384,5384,5384,5386,5387,5388,5388,5388,5389,5390,5390,5390,5391,5393,5393,5394,5394,5394,5395,5395,5395,5397,5400,5400,5400,5401,5402,5402,5403,5403,5405,5405,5406,5407,5408,5413,5417,5420,5422,5428,5425,5425,5431,5432,5432,5433,5434,5434,5435,5437,5438,5438,5438,5439,5439,5440,5441,5449,5450,5450,5451,5451,5451,5458,5459,5459,5460,5460,5460,5461,5463,5462,5462,5463,5463,5466,5466,5475,5475,5476,5476,5477,5477,5477,5478,5478,5479,5479,5480,5480,5481,5481,5481,5482,5482,5483,5483,5483,5484,5484,5485,5485,5486,5486,5487,5487,5497,5490,5490,5490,5494,5494,5495,5496,5497,5498,5504,5509,5506,5506,5506,5513,5514,5514,5519,5519,5519,5519,5520,5520,5520,5520,5521,5521,5529,5536,5543,5550,5556,5553,5555,5555,5556,5556,5557,5557,5558,5559,5560,5560,5561,5561,5562,5562,5568,5568,5569,5569,5579,5589,5582,5584,5584,5584,5584,5586,5586,5586,5587,5587,5588,5588,5589,5598,5598,5599,5599,5599,5600,5600,5608,5602,5602,5608,5609,5615,5616,5616,5617,5617,5617,5618,5619,5619,5620,5620,5621,5622,5623,5623,5624,5626,5628,5628,5632,5632,5633,5633,5634,5641,5641,5641,5641,5642,5643,5649,5651,5652,5660,5661,5666,5663,5663,5664,5665,5665,5666,5666,5666,5667,5667,5668,5668,5669,5669,5670,5671,5671,5673,5673,5673,5673,5678,5679,5679,5684,5684,5684,5685,5694,5696,5697,5706,5700,5701,5701,5702,5702,5703,5703,5704,5704,5710,5715,5728,5740,5752,5743,5743,5743,5744,5744,5744,5744,5746,5750,5750,5757,5757,5765,5760,5761,5761,5762,5762,5765,5769,5771,5775,5774,5780,5786,5783,5783,5784,5784,5785,5785,5786,5786,5786,5787,5787,5787,5788,5788,5788,5791,5792,5792,5792,5797,5797,5797,5797,5797,5797,5797,5797,5798,5799,5799,5800,5800,5800,5801,5801,5811,5804,5804,5804,5805,5805,5805,5806,5806,5806,5810,5810,5811,5812,5813,5814,5814,5814,5815,5815,5824,5825,5825,5825,5825,5826,5826,5827,5829,5828,5828,5828,5830,5833,5833,5834,5834,5834,5834,5835,5835,5836,5837,5837,5838,5839,5839,5839,5840,5840,5841,5841,5841,5842,5843,5844,5845,5846,5847,5848,5848,5848,5849,5850,5851,5852,5852,5852,5852,5855,5857,5864,5859,5869,5861,5863,5863,5864,5865,5865,5874,5874,5874,5875,5875,5875,5877,5887,5899,5890,5892,5892,5893,5894,5895,5902,5903,5904,5910,5906,5907,5908,5908,5911,5914,5914,5914,5915,5915,5915,5915,5916,5916,5917,5918,5919,5926,5927,5930,5934,5939,5937,5937,5937,5938,5938,5939,5939,5940,5941,5941,5948,5948,5949,5949,5950,5950,5956,5961,5958,5958,5966,5961,5963,5964,5965,5965,5971,5972,5972,5973,5973,5974,5975,5975,5982,5982,5983,5983,5984,5991,5991,5999,5999,5999,5999,6000,6001,6001,6001,6001,6001,6006,6006,6006,6007,6014,6010,6010,6010,6019,6013,6015,6015,6021,6026,6027,6032,6033,6033,6033,6042,6050,6057,6052,6052,6053,6053,6054,6054,6055,6057,6056,6057,6062,6064,6064,6065,6065,6066,6066,6074,6082,6084,6085,6094,6087,6088,6088,6088,6088,6089,6090,6090,6091,6091,6091,6091,6091,6100,6109,6102,6106,6106,6106,6107,6111,6108,6108,6109,6109,6109,6114,6115,6121,6127,6132,6131,6132,6132,6132,6132,6132,6133,6134,6134,6134,6135,6138,6141,6143,6145,6146,6146,6146,6147,6152,6152,6160,6155,6157,6157,6158,6159,6159,6163,6162,6164,6164,6165,6174,6174,6175,6175,6176,6176,6176,6177,6178,6178,6178,6179,6179,6187,6182,6182,6192,6184,6184,6184,6184,6185,6185,6185,6186,6186,6187,6187,6187,6188,6188,6188,6188,6189,6189,6190,6192,6198,6193,6197,6198,6198,6199,6208,6209,6209,6210,6210,6211,6212,6213,6213,6213,6214,6214,6215,6215,6221,6221,6221,6227,6232,6229,6229,6238,6247,6240,6242,6244,6246,6248,6250,6253,6256,6257,6257,6257,6257,6257,6257,6260,6260,6260,6268,6268,6269,6270,6274,6275,6275,6284,6278,6278,6279,6279,6280,6280,6280,6281,6283,6283,6284,6284,6285,6285,6295,6304,6316,6327,6318,6318,6319,6319,6320,6321,6321,6323,6323,6324,6324,6324,6325,6325,6326,6326,6326,6327,6327,6335,6330,6330,6330,6331,6332,6333,6333,6342,6342,6343,6343,6343,6343,6343,6344,6344,6345,6345,6345,6345,6349,6351,6358,6359,6366,6370,6373,6376,6376,6383,6383,6384,6392,6387,6389,6391,6391,6391,6392,6393,6394,6394,6395,6395,6396,6405,6406,6406,6407,6408,6408,6409,6410,6410,6415,6415,6420,6418,6418,6421,6420,6420,6421,6421,6422,6423,6423,6424,6425,6426,6427,6427,6428,6428,6428,6429,6429,6430,6430,6431,6432,6433,6433,6434,6434,6434,6435,6436,6436,6436,6437,6437,6438,6438,6439,6439,6439,6440,6441,6441,6442,6442,6443,6444,6444,6445,6445,6446,6446,6447,6447,6448,6448,6448,6448,6448,6449,6450,6451,6451,6451,6451,6452,6452,6453,6453,6453,6453,6453,6453,6454,6454,6455,6455,6456,6457,6458,6458,6458,6458,6458,6458,6458,6458,6458,6458,6459,6459,6459,6459,6459,6459,6459,6459,6459,6460,6460,6460,6460,6460,6460,6460,Part 2: 6460
0,0,0,0,0,0,0,0,0,0,1,1,2,2,2,2,2,3,3,3,3,3,3,4,4,4,4,5,6,6,6,6,7,8,8,8,8,9,9,9,9,9,9,9,9,9,9,9,10,11,11,12,12,12,13,13,13,13,14,14,15,15,16,16,16,17,18,18,19,19,19,20,20,21,21,22,22,22,22,22,23,23,23,24,24,25,25,25,26,27,27,28,28,29,30,30,30,31,31,31,39,39,40,45,47,47,47,47,48,51,52,52,53,53,54,63,63,70,71,71,71,71,72,73,74,75,76,76,76,76,79,80,81,81,82,83,83,90,90,90,90,91,91,92,101,101,110,111,117,124,125,125,125,126,127,128,128,133,134,135,135,136,137,137,138,139,139,140,142,143,143,149,150,150,151,151,151,151,152,153,154,154,155,156,157,160,164,170,171,172,173,173,174,175,176,176,176,179,179,180,180,181,181,182,182,183,184,184,184,184,184,184,184,190,191,192,193,194,194,195,200,201,202,202,202,203,212,212,212,212,212,213,216,216,217,217,217,217,227,227,228,237,238,238,239,239,240,241,244,245,253,253,253,253,256,257,258,258,259,267,273,273,274,276,276,277,278,279,280,281,288,288,289,289,292,292,293,294,295,295,296,296,296,297,304,313,314,314,315,315,316,316,325,326,327,327,328,329,329,339,340,344,344,344,345,345,345,346,347,347,348,349,358,363,370,371,372,378,378,379,379,380,380,380,381,384,384,384,385,386,386,386,387,387,390,390,391,391,392,392,392,393,394,394,394,403,403,411,414,421,424,425,426,426,427,428,428,431,436,436,436,442,442,448,451,451,452,452,453,453,454,454,455,458,458,459,467,467,473,474,481,482,482,482,483,484,485,485,492,492,493,493,494,494,494,494,494,495,495,495,502,503,504,504,504,504,505,506,507,507,507,513,513,514,514,514,515,515,518,518,518,519,520,520,530,530,530,531,531,532,532,533,534,534,535,536,537,537,537,539,540,540,541,542,543,544,545,545,546,547,554,555,555,556,556,557,558,562,562,563,564,565,565,566,566,566,567,568,568,569,569,570,571,572,572,573,573,573,573,574,574,575,575,576,576,576,583,583,590,591,595,595,600,601,601,604,604,605,605,606,606,606,607,615,616,619,620,620,620,621,622,622,623,624,624,625,626,627,636,641,642,642,646,653,653,659,659,663,664,664,669,669,670,670,670,671,671,671,671,671,672,673,674,678,679,679,689,690,690,693,694,701,702,702,702,702,703,703,704,705,705,705,706,707,707,708,708,709,712,712,713,714,720,720,730,731,731,732,740,740,741,746,748,748,748,748,756,763,766,766,767,773,774,774,774,775,775,784,785,787,787,788,789,789,793,794,803,804,804,805,805,806,807,808,814,815,815,816,817,817,822,822,823,823,823,832,833,833,834,835,836,837,846,847,847,848,849,849,852,853,856,856,857,864,871,872,872,873,873,873,873,873,874,874,875,882,883,884,884,885,886,887,887,888,889,889,890,890,891,895,896,896,897,903,903,904,913,913,922,922,923,932,932,937,937,938,939,939,940,940,941,942,942,943,944,944,946,946,953,954,955,956,963,964,964,964,965,966,967,968,968,968,969,969,969,970,973,974,975,976,976,976,976,977,986,996,997,998,998,999,1008,1008,1008,1008,1009,1010,1014,1015,1015,1016,1016,1017,1017,1018,1018,1024,1024,1025,1025,1026,1027,1028,1028,1029,1030,1030,1030,1031,1039,1039,1040,1044,1045,1045,1046,1046,1047,1048,1054,1055,1063,1064,1065,1065,1066,1068,1072,1073,1073,1074,1079,1079,1080,1080,1080,1081,1081,1081,1082,1082,1083,1083,1084,1085,1085,1086,1086,1087,1088,1095,1098,1099,1100,1103,1103,1108,1109,1109,1110,1110,1111,1112,1113,1113,1114,1115,1121,1123,1124,1132,1133,1134,1134,1134,1138,1139,1139,1140,1140,1141,1142,1142,1143,1152,1152,1161,1162,1162,1163,1163,1166,1167,1167,1167,1167,1168,1168,1173,1174,1175,1176,1182,1182,1183,1184,1184,1185,1185,1186,1186,1187,1197,1197,1197,1198,1199,1199,1199,1200,1200,1201,1202,1202,1203,1203,1204,1205,1205,1205,1206,1207,1207,1208,1208,1209,1210,1211,1219,1219,1220,1220,1225,1226,1226,1227,1227,1227,1227,1227,1228,1228,1228,1229,1229,1236,1237,1238,1238,1238,1238,1239,1239,1240,1240,1241,1244,1245,1245,1246,1247,1248,1248,1248,1249,1249,1250,1250,1251,1251,1254,1255,1256,1256,1256,1257,1257,1262,1262,1265,1266,1267,1267,1267,1268,1268,1273,1273,1273,1274,1274,1274,1275,1280,1281,1281,1282,1282,1282,1283,1283,1283,1283,1290,1290,1291,1291,1292,1293,1301,1301,1302,1303,1311,1312,1313,1313,1313,1313,1313,1314,1314,1315,1316,1318,1318,1319,1320,1320,1321,1325,1326,1326,1336,1336,1343,1345,1345,1346,1346,1347,1347,1347,1347,1347,1348,1348,1349,1349,1350,1353,1353,1354,1354,1355,1361,1361,1361,1362,1363,1363,1364,1364,1364,1366,1366,1367,1368,1368,1368,1369,1369,1369,1370,1370,1370,1371,1371,1372,1372,1372,1372,1373,1373,1374,1374,1375,1381,1381,1382,1382,1383,1383,1383,1384,1385,1385,1387,1387,1388,1389,1390,1390,1391,1392,1393,1394,1394,1395,1396,1397,1397,1398,1398,1398,1399,1399,1399,1399,1400,1400,1401,1401,1401,1402,1402,1403,1404,1405,1405,1412,1413,1413,1414,1415,1416,1416,1417,1425,1429,1429,1430,1431,1432,1433,1433,1441,1441,1442,1443,1444,1445,1446,1447,1448,1448,1449,1457,1458,1458,1459,1459,1460,1460,1460,1460,1465,1465,1466,1467,1477,1483,1483,1484,1485,1487,1488,1488,1489,1489,1490,1490,1491,1500,1501,1502,1502,1503,1503,1504,1504,1505,1511,1512,1513,1513,1514,1517,1517,1518,1527,1527,1527,1528,1532,1532,1532,1542,1548,1557,1566,1566,1566,1566,1566,1567,1567,1567,1568,1569,1572,1576,1576,1577,1577,1578,1578,1579,1579,1587,1587,1587,1590,1591,1593,1595,1596,1599,1600,1601,1601,1602,1602,1603,1603,1604,1612,1616,1616,1616,1617,1617,1618,1618,1618,1626,1627,1627,1628,1628,1629,1629,1630,1630,1630,1631,1631,1632,1640,1650,1653,1653,1654,1654,1654,1655,1656,1657,1657,1658,1658,1658,1659,1659,1660,1660,1669,1673,1674,1674,1674,1679,1680,1680,1681,1681,1689,1690,1690,1700,1701,1702,1704,1704,1704,1707,1707,1708,1708,1709,1710,1710,1711,1711,1712,1712,1713,1713,1718,1727,1727,1728,1728,1729,1729,1734,1734,1735,1742,1742,1742,1743,1743,1746,1747,1752,1753,1753,1754,1755,1755,1755,1756,1756,1757,1763,1764,1764,1765,1765,1766,1767,1774,1775,1776,1777,1777,1777,1778,1779,1780,1780,1781,1782,1783,1784,1784,1785,1786,1786,1787,1787,1787,1788,1789,1789,1789,1790,1790,1791,1797,1798,1798,1798,1799,1800,1801,1801,1802,1812,1812,1813,1814,1815,1815,1816,1817,1817,1818,1818,1818,1819,1819,1819,1819,1824,1825,1830,1830,1834,1834,1835,1835,1836,1836,1836,1837,1837,1839,1839,1840,1845,1854,1855,1855,1856,1856,1857,1857,1858,1859,1860,1861,1861,1862,1862,1863,1863,1863,1871,1871,1872,1873,1873,1876,1876,1877,1877,1881,1882,1882,1886,1886,1887,1888,1891,1892,1901,1902,1902,1905,1906,1906,1907,1908,1908,1918,1918,1919,1920,1920,1921,1922,1923,1924,1925,1930,1936,1936,1944,1945,1945,1946,1946,1947,1948,1949,1949,1950,1950,1951,1951,1960,1961,1961,1962,1962,1968,1975,1975,1976,1976,1977,1978,1979,1980,1985,1986,1987,1988,1988,1989,1989,1990,1990,1995,2003,2003,2004,2004,2005,2006,2009,2012,2012,2013,2014,2014,2015,2015,2015,2015,2016,2017,2018,2019,2019,2019,2020,2020,2021,2022,2022,2022,2022,2023,2025,2029,2030,2030,2031,2032,2032,2033,2034,2044,2049,2049,2050,2058,2059,2059,2063,2064,2065,2067,2068,2069,2075,2076,2077,2077,2078,2078,2079,2084,2092,2092,2093,2093,2093,2094,2095,2101,2102,2102,2103,2103,2104,2104,2104,2114,2114,2115,2118,2124,2125,2130,2131,2137,2142,2143,2144,2151,2151,2152,2152,2153,2161,2162,2162,2162,2162,2162,2162,2162,2162,2170,2170,2171,2177,2178,2178,2179,2180,2180,2180,2181,2181,2182,2182,2182,2188,2188,2188,2189,2196,2198,2198,2198,2198,2199,2199,2200,2201,2202,2202,2203,2203,2206,2206,2208,2208,2213,2213,2214,2215,2215,2215,2216,2219,2226,2226,2227,2228,2237,2238,2238,2238,2239,2246,2246,2247,2247,2248,2249,2249,2249,2256,2257,2258,2258,2258,2259,2259,2260,2260,2260,2260,2260,2261,2261,2262,2262,2263,2263,2264,2264,2264,2264,2265,2270,2270,2280,2281,2290,2291,2291,2292,2292,2293,2293,2294,2295,2298,2298,2299,2300,2300,2306,2312,2313,2313,2314,2315,2317,2317,2326,2327,2328,2328,2337,2337,2338,2348,2348,2349,2349,2350,2351,2352,2353,2354,2359,2368,2377,2384,2385,2385,2385,2386,2386,2393,2393,2394,2402,2403,2404,2404,2404,2405,2405,2406,2406,2408,2409,2409,2410,2411,2412,2412,2417,2418,2419,2419,2420,2421,2422,2422,2423,2423,2424,2424,2426,2426,2431,2433,2434,2434,2435,2436,2439,2440,2440,2447,2454,2455,2462,2462,2463,2464,2472,2472,2473,2474,2484,2484,2485,2485,2486,2486,2486,2487,2487,2489,2498,2499,2506,2507,2507,2514,2515,2516,2516,2522,2523,2524,2524,2525,2525,2526,2526,2526,2530,2530,2531,2531,2532,2532,2532,2533,2533,2533,2534,2538,2539,2540,2541,2541,2541,2542,2544,2545,2545,2545,2554,2554,2558,2558,2559,2559,2560,2569,2570,2570,2572,2573,2573,2577,2577,2578,2578,2586,2586,2586,2587,2588,2588,2589,2591,2592,2592,2592,2593,2594,2594,2595,2596,2596,2597,2598,2598,2598,2598,2599,2599,2600,2600,2601,2602,2603,2603,2604,2604,2605,2606,2606,2611,2612,2612,2613,2614,2614,2614,2614,2615,2619,2620,2621,2622,2622,2622,2623,2623,2624,2633,2634,2634,2635,2636,2642,2643,2643,2643,2643,2644,2644,2646,2647,2647,2647,2648,2648,2649,2651,2652,2652,2653,2654,2655,2655,2655,2657,2657,2658,2658,2659,2665,2666,2666,2667,2668,2669,2669,2669,2669,2669,2670,2670,2671,2672,2673,2673,2676,2678,2679,2687,2688,2688,2689,2690,2690,2690,2691,2691,2692,2693,2702,2703,2703,2707,2707,2708,2709,2709,2710,2710,2713,2714,2714,2714,2719,2720,2721,2721,2721,2721,2722,2722,2723,2724,2724,2725,2725,2725,2726,2727,2728,2728,2729,2730,2731,2732,2732,2733,2733,2734,2734,2738,2743,2749,2750,2750,2751,2751,2752,2752,2761,2761,2761,2761,2762,2763,2764,2764,2764,2764,2765,2765,2773,2773,2774,2774,2784,2784,2785,2786,2787,2787,2788,2788,2795,2795,2795,2796,2796,2796,2804,2804,2805,2805,2809,2810,2811,2811,2812,2813,2813,2814,2814,2814,2814,2819,2820,2822,2823,2823,2823,2823,2824,2825,2832,2841,2842,2842,2843,2843,2843,2844,2845,2846,2847,2855,2855,2856,2863,2867,2867,2873,2874,2883,2884,2886,2886,2887,2887,2887,2888,2888,2888,2889,2889,2889,2893,2893,2894,2895,2903,2910,2911,2912,2921,2923,2923,2924,2928,2929,2929,2930,2933,2933,2943,2943,2944,2944,2945,2946,2946,2949,2950,2950,2951,2951,2951,2952,2958,2959,2965,2966,2966,2967,2973,2974,2975,2976,2977,2977,2980,2981,2981,2986,2986,2987,2988,2988,2989,2992,3001,3001,3001,3001,3002,3003,3003,3003,3012,3012,3012,3012,3012,3013,3014,3014,3015,3015,3016,3016,3018,3019,3019,3023,3024,3027,3031,3032,3033,3033,3033,3035,3035,3035,3041,3041,3042,3042,3042,3043,3052,3052,3052,3058,3059,3060,3060,3063,3064,3068,3068,3069,3074,3075,3075,3083,3084,3084,3084,3084,3085,3085,3086,3086,3087,3088,3088,3092,3093,3093,3093,3093,3094,3095,3095,3096,3097,3097,3097,3097,3100,3100,3100,3101,3101,3102,3103,3104,3104,3105,3106,3107,3107,3108,3109,3111,3112,3112,3113,3113,3113,3114,3115,3115,3124,3125,3126,3127,3128,3129,3129,3138,3141,3142,3142,3143,3144,3144,3145,3146,3147,3148,3149,3149,3149,3149,3149,3149,3150,3150,3159,3160,3161,3161,3161,3162,3163,3163,3164,3164,3174,3174,3182,3185,3185,3186,3189,3189,3190,3194,3195,3195,3196,3196,3197,3197,3198,3198,3199,3200,3207,3208,3211,3212,3213,3214,3214,3218,3219,3224,3225,3225,3228,3228,3235,3235,3236,3237,3238,3238,3242,3247,3247,3253,3255,3256,3258,3259,3259,3260,3260,3261,3265,3266,3269,3270,3270,3270,3270,3271,3272,3272,3272,3272,3273,3274,3274,3274,3276,3277,3277,3278,3279,3280,3281,3282,3282,3283,3283,3283,3284,3284,3285,3285,3285,3286,3287,3287,3288,3292,3295,3296,3296,3297,3298,3298,3307,3307,3307,3307,3308,3308,3308,3309,3310,3311,3312,3312,3312,3319,3327,3328,3329,3329,3329,3329,3330,3331,3331,3332,3332,3333,3333,3333,3334,3335,3337,3344,3344,3344,3345,3345,3352,3353,3354,3356,3356,3357,3366,3366,3372,3373,3382,3382,3383,3384,3385,3385,3394,3394,3402,3402,3402,3403,3403,3403,3403,3404,3406,3407,3408,3413,3413,3413,3413,3414,3415,3424,3428,3431,3432,3433,3434,3434,3434,3435,3436,3437,3446,3447,3447,3448,3448,3454,3455,3464,3468,3472,3473,3473,3473,3473,3481,3486,3492,3493,3499,3499,3500,3500,3500,3501,3502,3509,3509,3510,3510,3510,3510,3520,3520,3521,3522,3523,3523,3524,3532,3532,3533,3534,3537,3537,3537,3538,3538,3538,3539,3539,3548,3549,3549,3552,3553,3553,3553,3554,3564,3565,3568,3569,3570,3570,3574,3574,3574,3575,3575,3575,3576,3577,3578,3578,3579,3585,3591,3592,3592,3592,3593,3594,3594,3594,3594,3595,3599,3600,3600,3601,3602,3602,3603,3603,3603,3604,3605,3605,3606,3606,3606,3607,3607,3614,3618,3619,3620,3621,3624,3625,3625,3628,3628,3629,3630,3630,3631,3632,3639,3640,3640,3641,3646,3646,3653,3654,3654,3658,3658,3659,3659,3659,3665,3665,3672,3672,3672,3672,3673,3674,3674,3675,3675,3676,3677,3677,3678,3678,3684,3685,3685,3686,3686,3690,3690,3694,3694,3695,3695,3697,3706,3706,3707,3707,3707,3710,3710,3710,3711,3712,3712,3721,3721,3722,3723,3732,3737,3745,3752,3752,3753,3753,3754,3755,3755,3758,3759,3759,3760,3768,3769,3774,3775,3775,3779,3779,3780,3781,3782,3782,3783,3791,3792,3792,3792,3792,3794,3803,3804,3814,3814,3814,3817,3817,3818,3822,3823,3823,3824,3824,3825,3825,3827,3827,3828,3828,3828,3828,3829,3830,3831,3831,3832,3832,3832,3836,3836,3837,3838,3838,3838,3838,3839,3844,3845,3845,3846,3846,3847,3853,3853,3854,3857,3858,3858,3864,3864,3872,3872,3873,3873,3874,3876,3877,3878,3880,3881,3882,3882,3883,3892,3893,3894,3894,3895,3903,3904,3904,3905,3913,3914,3914,3923,3923,3924,3933,3934,3943,3953,3962,3963,3963,3964,3964,3965,3965,3966,3966,3975,3984,3985,3985,3986,3986,3987,3987,3987,3987,3991,3991,3992,3993,3993,3993,3994,3995,3995,3995,3996,3997,3998,3998,3999,4000,4000,4001,4001,4002,4002,4002,4002,4003,4007,4012,4012,4012,4012,4013,4014,4015,4018,4018,4019,4019,4020,4021,4023,4023,4024,4025,4025,4026,4031,4032,4032,4033,4033,4034,4034,4034,4035,4035,4035,4040,4041,4041,4041,4042,4048,4048,4048,4049,4050,4053,4053,4054,4055,4055,4055,4056,4056,4057,4057,4057,4060,4060,4066,4066,4067,4067,4067,4068,4068,4069,4069,4071,4072,4076,4077,4087,4087,4088,4089,4092,4093,4099,4100,4101,4101,4102,4103,4109,4109,4110,4111,4112,4113,4114,4119,4120,4120,4120,4129,4130,4131,4140,4141,4141,4142,4142,4143,4143,4144,4149,4150,4151,4151,4152,4152,4152,4153,4153,4157,4158,4168,4169,4178,4179,4180,4185,4186,4194,4194,4200,4208,4208,4209,4211,4211,4212,4213,4213,4214,4214,4215,4215,4222,4222,4222,4222,4228,4229,4229,4229,4237,4241,4241,4245,4245,4246,4246,4247,4247,4248,4249,4250,4257,4258,4258,4258,4258,4262,4262,4266,4267,4267,4268,4268,4269,4270,4271,4271,4272,4272,4272,4282,4282,4288,4296,4296,4297,4306,4306,4313,4313,4316,4316,4317,4317,4318,4318,4319,4320,4328,4328,4335,4335,4336,4336,4337,4338,4338,4338,4339,4339,4340,4340,4341,4341,4341,4342,4342,4352,4352,4353,4359,4359,4363,4364,4364,4365,4365,4374,4375,4375,4376,4376,4377,4377,4386,4386,4386,4393,4394,4400,4400,4400,4408,4408,4409,4409,4418,4419,4419,4419,4420,4420,4421,4422,4422,4428,4429,4429,4432,4441,4442,4445,4448,4449,4450,4450,4451,4453,4454,4454,4454,4464,4464,4469,4469,4470,4471,4475,4476,4477,4477,4478,4478,4478,4479,4480,4481,4482,4483,4483,4483,4486,4487,4488,4489,4490,4490,4491,4492,4492,4493,4501,4501,4503,4504,4504,4509,4510,4511,4511,4512,4512,4519,4520,4520,4520,4521,4522,4523,4524,4529,4529,4530,4530,4530,4531,4531,4531,4532,4532,4533,4534,4535,4543,4544,4544,4545,4545,4546,4555,4556,4561,4562,4563,4564,4564,4565,4565,4566,4566,4566,4569,4570,4570,4571,4571,4576,4585,4585,4585,4586,4589,4590,4590,4591,4591,4596,4596,4601,4601,4605,4605,4606,4607,4607,4608,4609,4610,4617,4618,4618,4619,4619,4620,4620,4620,4621,4622,4622,4622,4623,4624,4625,4627,4627,4636,4637,4637,4643,4652,4653,4654,4654,4663,4663,4667,4669,4676,4683,4688,4688,4689,4689,4693,4698,4699,4700,4700,4701,4701,4701,4702,4703,4704,4706,4707,4707,4708,4708,4716,4716,4717,4717,4717,4718,4719,4719,4720,4721,4722,4725,4726,4727,4735,4745,4745,4745,4745,4746,4746,4747,4747,4748,4752,4752,4753,4759,4760,4765,4766,4767,4767,4768,4768,4769,4769,4770,4770,4779,4789,4789,4789,4790,4790,4791,4794,4795,4795,4796,4797,4798,4799,4800,4800,4801,4803,4803,4804,4804,4805,4805,4805,4806,4806,4807,4807,4809,4809,4810,4812,4812,4812,4822,4823,4824,4828,4829,4829,4832,4833,4833,4834,4835,4836,4836,4836,4836,4837,4838,4842,4842,4842,4843,4843,4843,4844,4844,4845,4845,4845,4846,4847,4847,4848,4849,4849,4849,4850,4851,4851,4851,4852,4852,4853,4854,4855,4855,4864,4865,4865,4866,4866,4867,4868,4874,4874,4875,4880,4888,4898,4899,4899,4903,4904,4904,4905,4909,4909,4916,4916,4917,4918,4918,4919,4919,4920,4920,4921,4922,4922,4922,4923,4923,4923,4924,4933,4933,4934,4934,4935,4936,4943,4943,4943,4952,4953,4953,4954,4954,4955,4956,4956,4956,4958,4958,4959,4959,4960,4963,4964,4964,4965,4965,4965,4966,4967,4968,4968,4969,4969,4975,4975,4976,4976,4976,4977,4979,4980,4980,4981,4981,4981,4982,4982,4983,4984,4984,4984,4984,4984,4988,4989,4989,4990,4998,4999,5005,5005,5006,5006,5007,5010,5015,5015,5015,5015,5016,5016,5016,5017,5018,5018,5018,5019,5019,5020,5026,5027,5027,5028,5028,5028,5029,5030,5030,5035,5039,5048,5049,5049,5050,5051,5051,5052,5061,5062,5066,5067,5072,5072,5073,5073,5080,5080,5084,5084,5091,5092,5092,5093,5093,5094,5094,5098,5099,5099,5099,5100,5100,5104,5104,5104,5104,5104,5105,5105,5106,5106,5107,5108,5109,5109,5110,5110,5117,5117,5124,5124,5134,5143,5143,5144,5145,5145,5147,5147,5148,5148,5148,5149,5150,5150,5150,5151,5153,5153,5154,5154,5154,5155,5155,5155,5157,5160,5160,5160,5161,5162,5162,5163,5163,5165,5165,5166,5167,5168,5173,5173,5173,5173,5178,5178,5179,5185,5186,5186,5187,5188,5188,5189,5191,5192,5192,5192,5193,5193,5194,5195,5203,5204,5204,5205,5205,5205,5212,5213,5213,5214,5214,5214,5215,5217,5217,5218,5219,5219,5222,5222,5231,5231,5232,5232,5233,5233,5233,5234,5234,5235,5235,5236,5236,5237,5237,5237,5238,5238,5239,5239,5239,5240,5240,5241,5241,5242,5242,5243,5243,5253,5253,5254,5254,5258,5258,5259,5260,5261,5262,5268,5268,5268,5269,5269,5276,5277,5277,5282,5282,5282,5282,5283,5283,5283,5283,5284,5284,5292,5292,5293,5294,5294,5295,5296,5296,5297,5297,5298,5298,5299,5300,5301,5301,5302,5302,5303,5303,5309,5309,5310,5310,5320,5321,5322,5323,5323,5324,5324,5326,5327,5327,5328,5328,5329,5329,5330,5339,5339,5340,5340,5340,5341,5341,5349,5350,5350,5356,5357,5363,5364,5364,5365,5365,5365,5366,5367,5367,5368,5368,5369,5370,5371,5371,5372,5374,5375,5375,5380,5380,5381,5381,5382,5389,5389,5389,5389,5390,5391,5397,5399,5400,5408,5409,5414,5415,5415,5416,5417,5417,5418,5418,5418,5419,5419,5420,5420,5421,5421,5422,5423,5423,5425,5426,5426,5426,5431,5432,5432,5437,5437,5437,5438,5447,5449,5449,5458,5459,5459,5459,5460,5460,5461,5461,5462,5462,5468,5468,5477,5477,5478,5478,5479,5479,5480,5480,5480,5480,5482,5486,5486,5493,5493,5501,5502,5504,5504,5505,5505,5508,5512,5517,5521,5521,5526,5527,5527,5528,5529,5529,5530,5530,5531,5531,5531,5532,5532,5532,5533,5533,5533,5536,5537,5537,5537,5542,5542,5542,5542,5542,5542,5542,5542,5543,5544,5544,5545,5545,5545,5546,5546,5556,5556,5557,5557,5558,5558,5558,5559,5559,5559,5563,5563,5564,5565,5566,5567,5567,5567,5568,5568,5577,5578,5578,5578,5578,5579,5579,5580,5582,5583,5583,5583,5585,5588,5588,5589,5589,5589,5589,5590,5590,5591,5592,5592,5593,5594,5594,5594,5595,5595,5596,5596,5596,5597,5598,5599,5600,5601,5602,5603,5603,5603,5604,5605,5606,5607,5607,5607,5607,5610,5610,5616,5616,5625,5625,5626,5626,5627,5628,5628,5637,5637,5637,5638,5638,5638,5640,5650,5653,5653,5654,5654,5655,5656,5657,5664,5665,5666,5672,5673,5673,5674,5674,5677,5678,5679,5680,5681,5681,5681,5681,5682,5682,5683,5684,5685,5692,5693,5696,5700,5701,5701,5702,5702,5703,5703,5704,5704,5705,5706,5706,5713,5713,5714,5714,5715,5715,5721,5721,5722,5722,5730,5731,5732,5732,5733,5733,5739,5740,5740,5741,5741,5742,5743,5743,5750,5750,5751,5751,5752,5759,5759,5767,5767,5767,5767,5768,5769,5769,5769,5769,5769,5774,5774,5774,5775,5782,5783,5784,5784,5793,5793,5794,5794,5799,5809,5810,5815,5816,5816,5816,5825,5825,5825,5825,5826,5827,5827,5828,5828,5829,5831,5832,5833,5837,5843,5843,5844,5844,5845,5845,5853,5854,5863,5864,5873,5873,5873,5873,5873,5873,5874,5875,5875,5876,5876,5876,5876,5876,5885,5886,5886,5891,5891,5891,5892,5896,5897,5897,5898,5898,5898,5903,5904,5910,5910,5910,5912,5912,5912,5912,5912,5912,5913,5914,5914,5914,5915,5918,5919,5919,5920,5920,5920,5920,5921,5926,5926,5934,5934,5935,5935,5935,5936,5936,5940,5940,5941,5941,5942,5951,5951,5952,5952,5953,5953,5953,5954,5955,5955,5955,5956,5956,5964,5965,5965,5974,5975,5975,5975,5975,5976,5976,5976,5977,5977,5978,5978,5978,5979,5979,5979,5979,5980,5980,5981,5983,5989,5990,5994,5995,5995,5996,6005,6006,6006,6007,6007,6008,6009,6010,6010,6010,6011,6011,6012,6012,6018,6018,6018,6024,6024,6025,6025,6034,6035,6035,6036,6037,6038,6039,6041,6042,6046,6047,6047,6047,6047,6047,6047,6050,6050,6050,6059,6059,6060,6061,6065,6066,6066,6075,6075,6076,6077,6077,6078,6078,6078,6079,6081,6081,6082,6082,6083,6083,6093,6093,6097,6097,6098,6098,6099,6099,6100,6101,6101,6103,6103,6104,6104,6104,6105,6105,6106,6106,6106,6107,6107,6115,6116,6117,6117,6118,6119,6120,6120,6129,6129,6130,6130,6130,6130,6130,6131,6131,6132,6132,6132,6132,6136,6138,6147,6148,6155,6159,6159,6160,6160,6168,6168,6169,6177,6177,6178,6179,6179,6179,6180,6181,6182,6182,6183,6183,6184,6193,6194,6194,6195,6196,6196,6197,6198,6198,6203,6203,6208,6210,6210,6213,6214,6214,6215,6215,6216,6217,6217,6218,6219,6220,6221,6221,6222,6222,6222,6223,6223,6224,6224,6225,6226,6227,6227,6228,6228,6228,6229,6230,6230,6230,6231,6231,6232,6232,6233,6233,6233,6234,6235,6235,6236,6236,6237,6238,6238,6239,6239,6240,6240,6241,6241,6242,6242,6242,6242,6242,6243,6244,6245,6245,6245,6245,6246,6246,6247,6247,6247,6247,6247,6247,6248,6248,6249,6249,6250,6251,6252,6252,6252,6252,6252,6252,6252,6252,6252,6252,6253,6253,6253,6253,6253,6253,6253,6253,6253,6254,6254,6254,6254,6254,6254,6254,Part 2: 6254
